Avg. velocities computed with drift_velocity.jl for D=3.25e-4 and t_end=4000 with 70 realisations.
T=40:10:120

5.286122076845195, 5.837673162995365, 5.622942903133615, 5.976034190687909, 6.548697012309481, 5.971871233207797, 5.575860247872753, 5.430514810105218, 5.365201473749998


------------------------------
D=3.25e-4, t_end = 4000, Ts=30:10:160

Distance Any[4.010090395207451, 5.055377226940804, 5.492227751438601, 5.919332263634598, 6.123142353503145, 5.840094910986085, 5.776445014153939, 5.694356124579699, 5.47767449610801, 5.475331952262333, 5.440850581698956, 5.0527559669629385, 4.9825695241347105, 5.011116247026134]
Std: Any[1.9127905001984864, 2.1416958833086674, 2.3328349283810708, 2.395337621537686, 2.2333669614632927, 2.2726329978995357, 2.37725100594904, 2.25997159410269, 2.1350530904301137, 2.184331761603403, 2.1501368999643593, 2.1278193695639236, 2.0963710178136084, 1.9596407924906485]
T = 170:10:220
Any[4.5486122803368225, 4.418463076448131, 4.474840958983288, 4.57798260306762, 4.24865925138726, 3.965842935620102]
Any[2.0016429046800583, 2.1298490446364493, 1.9671439375848596, 1.8736652323683052, 1.9107491242422472, 1.8062988178282626]


T = 30:10:220
dist : [4.0100904 , 5.05537723, 5.49222775, 5.91933226, 6.12314235,
       5.84009491, 5.77644501, 5.69435612, 5.4776745 , 5.47533195,
       5.44085058, 5.05275597, 4.98256952, 5.01111625, 4.54861228,
       4.41846308, 4.47484096, 4.5779826 , 4.24865925, 3.96584294]
std  : [1.9127905 , 2.14169588, 2.33283493, 2.39533762, 2.23336696,
       2.272633  , 2.37725101, 2.25997159, 2.13505309, 2.18433176,
       2.1501369 , 2.12781937, 2.09637102, 1.95964079, 2.0016429 ,
       2.12984904, 1.96714394, 1.87366523, 1.91074912, 1.80629882]
